image_width: 1280
image_height: 1024
camera_name: narrow_stereo
camera_matrix:
  rows: 3
  cols: 3
  data: [1305.07013,    0.     ,  666.71169,
            0.     , 1307.67428,  495.17044,
            0.     ,    0.     ,    1.     ]
distortion_model: plumb_bob
distortion_coefficients:
  rows: 1
  cols: 5
  data: [-0.209067, 0.129977, -0.002895, -0.000558, 0.000000]
rectification_matrix:
  rows: 3
  cols: 3
  data: [1., 0., 0.,
         0., 1., 0.,
         0., 0., 1.]
projection_matrix:
  rows: 3
  cols: 4
  data: [1243.56897,    0.     ,  667.81173,    0.     ,
            0.     , 1265.77246,  491.72756,    0.     ,
            0.     ,    0.     ,    1.     ,    0.     ]
